0,1,2,3,4,5,6,7,8,9,10,11,12,13,14,15,16,17,18,19,20,21,22,23,24,25,26,27,28,29,30,31,32,33,34,35,36,37,38,39,40,41,42,43,44,45,46,47,48,49,50,51,52,53,54,55,56,57,58,59,60,61,62,63,64,65,66,67,68,69,70,71,72,73,74,75,76,77,78,79,80,81,82,83,84,85,86,87,88,89,90,91,92,93,94,95,96,97,98,99,100,101,102,103
1,0.72464412,0.896803257,0.598155097,0.892928104,0.806799073,0.8803185,0.743899402,0.76047805,0.82079091,-0.174462674,0.845154099,0.847961552,0.830427144,0.802474817,0.865829225,0.427053689,0.754470015,0.475352815,0.978587999,0.935116714,0.910459535,0.873693788,0.790914847,0.790455138,0.698333171,0.90998636,0.754878325,0.683174047,0.742864535,0.641887489,0.936202044,0.542016205,-0.186519329,0.026081762,0.593418339,0.900077166,0.767266814,0.761321089,0.647797538,0.440299975,0.663573517,0.573708444,0.47645008,0.738336265,0.071366096,0.335933828,-0.495465482,0.034028051,0.587724662,0.242270782,0.291071384,0.290309619,0.561127366,0.734432385,0.451448041,0.607533693,0.654507374,0.700584793,0.642393216,0.328898348,0.582042978,0.663841474,0.784620397,-0.044914294,-0.719095061,-0.479419554,0.575439324,-0.307209497,0.415717429,0.176233892,0.291237901,0.683151881,0.625687473,0.795020772,-0.507235713,0.874114196,0.992787561,0.493259934,0.218334551,0.127244678,0.699039618,0.373859786,0.676389955,0.396333578,0.203067847,0.505354303,0.358122619,0.879787312,0.939272018,0.855926404,0.908639893,0.85289482,0.828810831,0.729108335,0.787040074,0.72859707,0.753022235,0.544998528,0.518857434,-0.889649162,-0.757832151,-0.265199869,-0.293859075
0.72464412,1,0.844261361,0.662959338,0.894302387,0.862624076,0.876498308,0.81439342,0.901762337,0.560045073,0.00265674,0.879617077,0.908406162,0.947836462,0.924290991,0.91233907,0.46813624,0.790228609,0.696082507,0.823072538,0.728702823,0.77806105,0.355264061,0.545028466,0.342588936,0.57200842,0.63284648,0.500341676,0.944431501,0.901117709,0.770490375,0.826711366,0.932983535,-0.546493387,-0.226561346,0.020607942,0.951368696,0.792007419,0.362191723,0.644801656,0.391775382,0.061261592,-0.030904646,0.260863997,0.233632376,-0.425536769,-0.21800875,-0.7660791,0.069610449,-0.041751767,0.194799584,-0.107271352,0.246115638,-0.003961315,0.170199856,-0.146809157,0.330168323,0.008811567,0.574871718,0.025456944,0.438127357,-0.077063495,0.847033849,0.320703504,-0.553220124,-0.381955955,-0.368033694,0.908869455,-0.411723697,-0.255236806,0.085733116,0.263881753,0.132105835,-0.040637169,0.22826669,0.184389768,0.882768898,0.694597287,-0.21870189,0.148423373,0.166807306,0.562783406,0.084365427,0.065485509,-0.306637172,-0.075354413,-0.191017913,0.200103444,0.834708573,0.500720192,0.711428757,0.833318478,0.806692801,0.845141717,0.828532064,0.898761168,0.724817605,0.955844476,0.786324142,-0.173452853,-0.815599112,-0.814435904,0.251411544,0.224318607
0.896803257,0.844261361,1,0.6728259,0.992862471,0.969247051,0.997256259,0.833893905,0.887088568,0.53058601,-0.396408041,0.971430605,0.949478267,0.941586933,0.935137214,0.969165752,0.27313565,0.65361916,0.447275247,0.903498403,0.742216539,0.748887302,0.577262662,0.504282932,0.440148092,0.453366692,0.675695361,0.43855465,0.75003471,0.82943318,0.541209349,0.953281799,0.648989497,-0.586559965,-0.329325871,0.179732219,0.940047505,0.603455213,0.46556135,0.559808405,0.229227434,0.276836634,0.165069434,0.14329246,0.377709111,-0.373856977,-0.096010583,-0.826927666,-0.150444182,0.185668094,0.004936714,-0.083532448,0.009938631,0.143704622,0.378059967,0.066318553,0.298011481,0.281561596,0.63026773,0.260852717,0.135813486,0.217200908,0.715070773,0.772163659,-0.370058803,-0.796073828,-0.711420319,0.840374566,-0.628409929,0.02533476,-0.080204534,0.474214339,0.298561009,0.334188172,0.462433609,-0.319369859,0.842563004,0.843324563,0.142140048,-0.007187541,-0.024299561,0.521816498,-0.003748657,0.376228662,0.046474095,0.081375382,0.128053307,0.234789813,0.940026589,0.838938648,0.854607649,0.977960937,0.959421497,0.960587433,0.868448803,0.922937158,0.795900473,0.882001027,0.54919831,0.183617186,-0.976968866,-0.872468612,-0.160880261,-0.18994149
0.598155097,0.662959338,0.6728259,1,0.725281498,0.802457695,0.661918084,0.965270785,0.905905126,0.336941305,-0.467336435,0.820006898,0.847927099,0.812560132,0.849026179,0.806956146,0.776884697,0.825759811,0.854111501,0.709248687,0.512402147,0.674439423,0.340331158,0.550107185,0.270309081,0.663066483,0.600083021,0.425905606,0.823483343,0.920404672,0.771827269,0.816436856,0.743563164,-0.216160324,0.214076315,0.109102935,0.670603898,0.430679815,0.61490045,0.915345562,0.717537323,0.094113885,0.144640765,0.491722776,0.381268568,-0.208120521,-0.281266462,-0.525943204,0.549333567,0.086031491,0.593171789,0.339743303,0.492848389,0.154201129,0.347952421,-0.283762846,0.599097026,0.155120966,0.947011532,0.014675163,0.603878375,-0.090521625,0.935775144,0.354735896,-0.720985759,-0.250018417,-0.140023576,0.504073525,-0.07368802,-0.227429296,0.53430827,0.823161887,0.07097691,-0.088153199,0.187728642,-0.195734394,0.841480187,0.541643232,0.099720767,0.614664036,0.662514264,0.831450024,0.353034332,-0.085426201,-0.25424538,0.673974179,0.068307155,0.817576366,0.876090571,0.561171497,0.917601212,0.801273004,0.846250787,0.845279887,0.940872594,0.880585473,0.981206428,0.846963142,0.868563143,-0.162298398,-0.503263166,-0.278202805,-0.448513328,-0.465839033
0.892928104,0.894302387,0.992862471,0.725281498,1,0.978574379,0.994910031,0.877294345,0.929093184,0.560170069,-0.341359637,0.986203919,0.97689011,0.974443202,0.966930066,0.990174727,0.365145635,0.727006644,0.544518128,0.922604612,0.767676016,0.792377977,0.562046779,0.552261595,0.447413679,0.522905953,0.706061685,0.483941847,0.823557064,0.885757154,0.62969342,0.966958313,0.733082177,-0.563109421,-0.271286652,0.173583259,0.966378692,0.660537806,0.49446362,0.632639067,0.314747986,0.256002826,0.155253959,0.211636105,0.387129827,-0.369334062,-0.116942267,-0.81984149,-0.058886883,0.16514674,0.092838539,-0.043733669,0.100254278,0.144012482,0.373602993,0.023012091,0.354393891,0.254515039,0.678246394,0.230791737,0.238973975,0.169334603,0.787588579,0.700279244,-0.432257918,-0.718385759,-0.633270119,0.856948567,-0.565735704,-0.02433384,0.002114417,0.478574366,0.283976134,0.266150711,0.43821231,-0.245690562,0.892341449,0.842745149,0.098084353,0.076093523,0.06595938,0.585557077,0.054777648,0.318954871,-0.020250482,0.107428582,0.090497813,0.289146382,0.960320267,0.80450201,0.87623646,0.98440549,0.966635176,0.973131499,0.903393139,0.954912409,0.833401262,0.930020194,0.641453791,0.118923082,-0.957479297,-0.85578559,-0.122466966,-0.15171793
0.806799073,0.862624076,0.969247051,0.802457695,0.978574379,1,0.969568201,0.920565569,0.95767617,0.406739747,-0.482441142,0.995720496,0.980412309,0.969426487,0.980261029,0.984593059,0.374344827,0.692241939,0.568124199,0.853007979,0.643481762,0.702669142,0.433404269,0.444864443,0.297512584,0.451306443,0.602425608,0.353184499,0.818479775,0.907052759,0.595055402,0.946342104,0.735195784,-0.626694691,-0.300107033,0.034410898,0.908796391,0.53110733,0.425192211,0.646784098,0.306476917,0.111024449,0.033058645,0.141905882,0.274750424,-0.478928543,-0.284446664,-0.870990833,-0.018177338,0.034202043,0.094954336,-0.088897734,0.06033781,0.018131045,0.26543266,-0.149722287,0.293147741,0.133290568,0.709975664,0.07863786,0.214843077,0.020560616,0.814915119,0.665810148,-0.579927685,-0.684781363,-0.640629925,0.859137437,-0.590952375,-0.169758079,0.007670864,0.63060455,0.123662658,0.130431743,0.293645491,-0.222383786,0.858859598,0.737487148,0.016005042,0.093956517,0.117432899,0.56669735,-0.021829809,0.162626341,-0.150634939,0.199293087,-0.009814928,0.358006137,0.966007513,0.748396913,0.891780506,0.976586658,0.985556606,0.995108765,0.95492919,0.979918905,0.887214371,0.940699566,0.659305515,-0.017102299,-0.901476033,-0.77342578,-0.197194981,-0.224054403
0.8803185,0.876498308,0.997256259,0.661918084,0.994910031,0.969568201,1,0.830047622,0.893835304,0.526415844,-0.35381995,0.971170409,0.952476931,0.952195455,0.943002577,0.972605279,0.270045786,0.658415131,0.46114179,0.896056197,0.738785085,0.746420421,0.542380517,0.492387617,0.415858047,0.447180762,0.660424892,0.430166354,0.774602036,0.838614275,0.555647692,0.942412829,0.686316686,-0.615971522,-0.355485625,0.1407156,0.953131195,0.625177627,0.430821795,0.551608193,0.219706428,0.236305037,0.11966793,0.127312515,0.340236726,-0.409493497,-0.126467392,-0.847192098,-0.159155092,0.139678972,-0.006138856,-0.122349374,0.006663491,0.102816548,0.333997992,0.032949587,0.274061606,0.23224823,0.606537936,0.220564118,0.145915435,0.172726865,0.7251493,0.729548947,-0.396036114,-0.767837388,-0.701265101,0.875057937,-0.638427599,-0.020665302,-0.096254194,0.442700061,0.266132083,0.28759706,0.42573428,-0.25001523,0.845235204,0.827614181,0.079582354,-0.023321724,-0.034623618,0.505243551,-0.025948644,0.338851372,-0.004823791,0.031852537,0.070160803,0.200958009,0.931249462,0.800686377,0.832952821,0.969016515,0.948897153,0.956197151,0.866817094,0.927570463,0.782240561,0.898521929,0.566559637,0.134196691,-0.978449178,-0.893349802,-0.09154893,-0.120809624
0.743899402,0.81439342,0.833893905,0.965270785,0.877294345,0.920565569,0.830047622,1,0.982244919,0.453462802,-0.418025767,0.937015768,0.956839007,0.93557549,0.955993743,0.932709577,0.690733161,0.860241226,0.817155476,0.838823815,0.650166928,0.773869181,0.435689115,0.596954128,0.353768117,0.668857567,0.683872501,0.487349682,0.900031166,0.980235729,0.793070447,0.924928673,0.817241789,-0.361546859,0.051320092,0.131994392,0.836331111,0.569047066,0.606762891,0.880234263,0.628196768,0.149069375,0.146028475,0.430725731,0.402260855,-0.287678011,-0.245020861,-0.672250183,0.371924162,0.107186282,0.45899473,0.215698185,0.397474199,0.152240554,0.368889283,-0.199954082,0.552602004,0.185338365,0.907913359,0.083258115,0.532408604,-0.017629964,0.95764629,0.478519174,-0.67445925,-0.416513363,-0.312907649,0.682988682,-0.251100934,-0.185508906,0.381485297,0.730697963,0.148244405,0.01460823,0.282284996,-0.18920036,0.927075882,0.687946759,0.078928033,0.46421835,0.495394762,0.801478406,0.272555296,0.042470986,-0.20853782,0.490351869,0.058145188,0.669589171,0.964566932,0.670293431,0.957378245,0.919520394,0.942388736,0.947182006,0.991485603,0.971738196,0.989623932,0.947222241,0.863696213,-0.091782235,-0.703846112,-0.518721453,-0.320828782,-0.343925874
0.76047805,0.901762337,0.887088568,0.905905126,0.929093184,0.95767617,0.893835304,0.982244919,1,0.463397969,-0.352355132,0.969160278,0.985475162,0.980813917,0.99155025,0.971194341,0.604805684,0.840081384,0.779407985,0.855727569,0.672267993,0.77607148,0.403107325,0.559234753,0.324885749,0.617794504,0.662030808,0.462133894,0.934529419,0.988978405,0.779130892,0.932618556,0.87045144,-0.485143875,-0.089481063,0.060853553,0.902784864,0.623545722,0.516811331,0.812525277,0.531348723,0.093830773,0.057498355,0.33797299,0.326002093,-0.392229535,-0.287606899,-0.76864256,0.244827797,0.029853628,0.342685138,0.072617807,0.30705795,0.065787543,0.287352078,-0.21981245,0.455980067,0.10850928,0.82242068,0.037988693,0.470246757,-0.059797965,0.946412192,0.475104717,-0.681269973,-0.459478446,-0.395629411,0.804310382,-0.367457882,-0.240270099,0.252097331,0.639875039,0.112716649,-0.009881189,0.250164748,-0.08935019,0.933352076,0.703715565,-0.030879744,0.33542457,0.36978288,0.722720984,0.165901262,0.038188654,-0.262543833,0.318285562,-0.043026966,0.524453647,0.966855239,0.649093867,0.917042758,0.938832463,0.951540299,0.967643132,0.98854018,0.995790352,0.947021587,0.988577817,0.846449216,-0.13484016,-0.78457014,-0.649040706,-0.163599755,-0.188888612
0.82079091,0.560045073,0.53058601,0.336941305,0.560170069,0.406739747,0.526415844,0.453462802,0.463397969,1,0.371038749,0.483471128,0.538718051,0.548649136,0.486873607,0.54846,0.560345957,0.764070215,0.508849174,0.81906668,0.960715475,0.91470032,0.891654967,0.948807455,0.956557597,0.860121839,0.946966224,0.974080629,0.57656294,0.520412995,0.728070008,0.648735437,0.477811764,0.265878516,0.401268942,0.818851566,0.701871518,0.920878944,0.829212643,0.60961917,0.613801901,0.822640731,0.767683855,0.763765105,0.874444672,0.483845637,0.676513022,-0.027294151,0.27718352,0.761560298,0.492235759,0.563151542,0.62003733,0.794487023,0.83006885,0.678698292,0.791602367,0.756403309,0.546248044,0.795975555,0.600022722,0.700832738,0.518967247,0.389677826,0.245485003,-0.282337541,0.02410389,0.249887158,0.175866725,0.600329522,0.442553646,-0.152244086,0.87311187,0.618377104,0.866546763,-0.291358523,0.742781557,0.880855613,0.539080742,0.434267613,0.297275237,0.724066169,0.711818317,0.713794708,0.500738034,0.112216548,0.606112459,0.314995377,0.562037801,0.660522021,0.56922701,0.564088111,0.466691464,0.444797658,0.382912431,0.457009266,0.425850935,0.500170942,0.532097701,0.583890065,-0.557727522,-0.507505088,-0.016989751,-0.039193817
-0.174462674,0.00265674,-0.396408041,-0.467336435,-0.341359637,-0.482441142,-0.35381995,-0.418025767,-0.352355132,0.371038749,1,-0.428182403,-0.348326996,-0.269185665,-0.344831526,-0.341572736,0.095235696,0.057570407,0.048008026,-0.134635125,0.164158531,0.094761345,0.014014041,0.242526997,0.256295718,0.223078483,0.088869358,0.360810746,-0.012136315,-0.25037955,0.188556757,-0.358675144,0.08820904,0.438390697,0.311839141,0.239028735,-0.091975809,0.434078026,-0.018904245,-0.125598942,0.132714263,0.16811225,0.150138537,0.313591869,0.106216102,0.42676193,0.454178904,0.491703557,0.150677266,0.138914761,0.197354778,0.157381467,0.38094028,0.219358246,0.025697591,0.324547028,0.148786875,0.029928445,-0.351226234,0.175233507,0.358109719,0.115643215,-0.170644378,-0.597550325,0.407119234,0.571257612,0.607874655,-0.200830714,0.510056349,0.17874086,0.187905162,-0.860511155,0.262171854,-0.0487214,0.088844775,0.544229199,-0.107382426,-0.070568488,-0.14623577,0.114164513,0.04608258,-0.051050353,0.351313708,0.072075166,0.046726084,-0.481181852,-0.038711087,-0.326376839,-0.418387193,-0.427244275,-0.461734572,-0.427919123,-0.517934178,-0.48988179,-0.478063292,-0.392740808,-0.493625338,-0.231297976,0.022125246,0.018287932,0.290446121,0.066230177,0.7182239,0.721498424
0.845154099,0.879617077,0.971430605,0.820006898,0.986203919,0.995720496,0.971170409,0.937015768,0.969160278,0.483471128,-0.428182403,1,0.99317363,0.982687748,0.988667484,0.995517876,0.438779504,0.750827188,0.616384519,0.894392476,0.705694871,0.764888817,0.495096668,0.525256552,0.374281754,0.529961632,0.67115986,0.43716081,0.849763973,0.929489431,0.656651972,0.969401952,0.761104747,-0.560867795,-0.225257371,0.111086579,0.933713762,0.597056842,0.497953456,0.699107487,0.377950782,0.180167445,0.10659321,0.228331541,0.351245174,-0.405997069,-0.214755144,-0.828176442,0.041028545,0.103556349,0.166545146,-0.011526522,0.141787402,0.096475619,0.336063845,-0.092312906,0.374242561,0.197051497,0.751195112,0.143528651,0.288269606,0.075179665,0.846464996,0.659774014,-0.549641774,-0.662073823,-0.588264012,0.838226277,-0.526677442,-0.115686001,0.078530996,0.605493494,0.195750089,0.167420415,0.356372856,-0.235198334,0.901243658,0.784428767,0.065492059,0.161025881,0.172883102,0.631256856,0.0656996,0.206639098,-0.109657133,0.227294216,0.046829791,0.400611574,0.982873838,0.772882036,0.917295508,0.98827464,0.989821392,0.996944829,0.960440908,0.987132425,0.904146694,0.95453803,0.702723548,0.025272273,-0.902665249,-0.769836958,-0.201442375,-0.229011804
0.847961552,0.908406162,0.949478267,0.847927099,0.97689011,0.980412309,0.952476931,0.956839007,0.985475162,0.538718051,-0.348326996,0.99317363,1,0.994223653,0.996268624,0.997099591,0.528109525,0.819422615,0.697662277,0.913774906,0.745503739,0.815351804,0.509388369,0.593110234,0.415341063,0.611178937,0.717608994,0.507448413,0.902133599,0.962561469,0.739470011,0.972647917,0.819957025,-0.498595063,-0.141267098,0.147049442,0.949098746,0.663900115,0.547367864,0.763426944,0.467830101,0.200695293,0.137822753,0.318215028,0.392784553,-0.355257417,-0.185584704,-0.784300854,0.133975591,0.125369314,0.261896101,0.056958542,0.245733343,0.137721513,0.364819514,-0.08751817,0.449728567,0.20924382,0.790426884,0.156265885,0.394205538,0.071191278,0.897097157,0.593284595,-0.563888944,-0.583169705,-0.494461966,0.82380838,-0.438810092,-0.117694004,0.171046789,0.57909766,0.222512765,0.137948787,0.36790521,-0.184369122,0.941876477,0.795693276,0.059474904,0.250343943,0.260116942,0.697486768,0.15239371,0.18840514,-0.131090082,0.252048939,0.050051987,0.450520769,0.986660352,0.747048646,0.927166023,0.979893084,0.977354852,0.986907194,0.968041052,0.993880305,0.920170501,0.977307394,0.776573887,0.00360173,-0.873800585,-0.744214045,-0.169012586,-0.196623327
0.830427144,0.947836462,0.941586933,0.812560132,0.974443202,0.969426487,0.952195455,0.93557549,0.980813917,0.548649136,-0.269185665,0.982687748,0.994223653,1,0.995696889,0.993539965,0.51385519,0.82079621,0.703303902,0.904850477,0.750873008,0.815798914,0.475565057,0.584541919,0.398904304,0.604347016,0.703649772,0.507846409,0.926118759,0.961808474,0.754148807,0.951875386,0.860818983,-0.527573853,-0.175159249,0.111481346,0.96636078,0.704093816,0.503011013,0.740378099,0.447894595,0.164098739,0.09125739,0.299963613,0.352862548,-0.386696166,-0.201882344,-0.799217366,0.110728464,0.079825125,0.239909273,0.007035151,0.240489101,0.097460059,0.316044312,-0.106861416,0.418717942,0.15734766,0.744309212,0.121813316,0.403503575,0.031991928,0.896508082,0.537528442,-0.571705571,-0.547616164,-0.479016103,0.864166286,-0.448589936,-0.15785825,0.142675656,0.509095235,0.198843278,0.094394086,0.335371749,-0.093332024,0.940246012,0.782185552,-0.014273421,0.219438255,0.232154883,0.668408705,0.128286494,0.159612267,-0.179800114,0.16710892,-0.014893667,0.387633699,0.964675505,0.697352083,0.886338069,0.960283175,0.951785497,0.969095949,0.949004429,0.987194104,0.884380555,0.988509753,0.787469697,-0.042903726,-0.877519747,-0.779491026,-0.062709717,-0.090698925
0.802474817,0.924290991,0.935137214,0.849026179,0.966930066,0.980261029,0.943002577,0.955993743,0.99155025,0.486873607,-0.344831526,0.988667484,0.996268624,0.995696889,1,0.991810033,0.517599029,0.804702227,0.707392317,0.880176129,0.701571858,0.780179366,0.435860597,0.544221127,0.345884129,0.576389689,0.666812442,0.456471433,0.915665195,0.968246859,0.734174913,0.949012431,0.8484468,-0.545520862,-0.179861933,0.067760829,0.939430449,0.642857148,0.486858183,0.749000554,0.446647932,0.119000058,0.05688193,0.275536392,0.319902065,-0.420759231,-0.260740485,-0.81542523,0.1286047,0.042268995,0.242974177,0.000884226,0.223284522,0.059720996,0.287418626,-0.166069341,0.401203937,0.125349752,0.766343966,0.073785596,0.388214756,-0.012913305,0.904566148,0.541288069,-0.62369896,-0.546859734,-0.488786224,0.854504293,-0.458226817,-0.201236009,0.148832322,0.584434667,0.144446303,0.056325761,0.289589211,-0.110120924,0.926321646,0.745812264,-0.025316262,0.230895389,0.255390781,0.666319,0.103034215,0.109618543,-0.214678171,0.222400827,-0.035322093,0.427643297,0.971869556,0.689997389,0.901931893,0.962269692,0.965400698,0.981730403,0.972329917,0.997460002,0.912658005,0.98823566,0.788266239,-0.080515503,-0.856293655,-0.740194649,-0.119253199,-0.146239417
0.865829225,0.91233907,0.969165752,0.806956146,0.990174727,0.984593059,0.972605279,0.932709577,0.971194341,0.54846,-0.341572736,0.995517876,0.997099591,0.993539965,0.991810033,1,0.472366211,0.791283124,0.648589961,0.920377699,0.756603999,0.810875058,0.52579039,0.579891589,0.42545196,0.581980005,0.714938057,0.500469139,0.882053279,0.94125503,0.706113019,0.973883418,0.798298462,-0.528018913,-0.191775724,0.151826558,0.961726657,0.66903095,0.526448663,0.719553049,0.414415101,0.215748724,0.138425611,0.279715835,0.387532581,-0.366907972,-0.166273402,-0.803562599,0.064886532,0.13377183,0.201577259,0.016084952,0.194814638,0.134995626,0.363641532,-0.053248878,0.414755343,0.219542,0.751127855,0.177966159,0.342402992,0.10028184,0.863974208,0.628285225,-0.523437086,-0.630146452,-0.544778677,0.844437093,-0.487431757,-0.091440773,0.109634434,0.541772162,0.240993473,0.177744595,0.389638579,-0.197418401,0.929274064,0.814161758,0.064814619,0.187413442,0.190956182,0.658838875,0.115404772,0.230572341,-0.09943601,0.194977313,0.056654614,0.390660875,0.980908102,0.765817833,0.910591487,0.985050708,0.976857703,0.986223124,0.949563206,0.985534613,0.891925449,0.967584785,0.734779507,0.037770681,-0.908033872,-0.790432187,-0.143628085,-0.171985406
0.427053689,0.46813624,0.27313565,0.776884697,0.365145635,0.374344827,0.270045786,0.690733161,0.604805684,0.560345957,0.095235696,0.438779504,0.528109525,0.51385519,0.517599029,0.472366211,1,0.885580884,0.94411639,0.562553541,0.564565508,0.716435337,0.405525633,0.778625572,0.496118184,0.903619633,0.688936814,0.712792673,0.723716637,0.707569602,0.910478571,0.532744459,0.67665559,0.343768343,0.712271921,0.414071415,0.452746641,0.604206007,0.76983107,0.945526117,0.98998495,0.317778481,0.423585126,0.884590947,0.599093946,0.303408086,0.12233403,0.02280233,0.90160023,0.33548821,0.953470341,0.732685165,0.927988499,0.476259216,0.522055227,-0.016248575,0.883872343,0.326946406,0.857855716,0.224570584,0.962850296,0.07462104,0.818687815,-0.059639061,-0.411956486,0.238903299,0.45213877,0.103982879,0.518107204,0.010539491,0.916501195,0.399823319,0.319189128,-0.072359435,0.306960577,-0.020421707,0.732953558,0.44476457,0.220168811,0.943109402,0.937092047,0.937023133,0.803736808,-0.028441104,-0.107794995,0.681269409,0.245473628,0.872139487,0.561471694,0.295085271,0.6598738,0.446655098,0.449973654,0.445195176,0.595330263,0.539262753,0.705463292,0.581854204,0.898123914,-0.060347084,-0.123497544,0.043960797,-0.267163213,-0.277244956
0.754470015,0.790228609,0.65361916,0.825759811,0.727006644,0.692241939,0.658415131,0.860241226,0.840081384,0.764070215,0.057570407,0.750827188,0.819422615,0.82079621,0.804702227,0.791283124,0.885580884,1,0.928871465,0.863333939,0.838765048,0.937407415,0.60612222,0.880983933,0.646529273,0.93934288,0.877487241,0.822264281,0.920597316,0.903668424,0.983809994,0.823150599,0.85242468,0.022018774,0.399505084,0.444429484,0.812033736,0.846792626,0.80133597,0.955775547,0.862608395,0.413009402,0.425490038,0.777646963,0.65687038,0.105228674,0.129854264,-0.327534117,0.598474367,0.37094462,0.72893333,0.515339022,0.750434236,0.465831657,0.585471127,0.09118727,0.827038112,0.394287318,0.885175184,0.338822032,0.838115547,0.195504176,0.938285096,0.252099266,-0.411522288,-0.140917988,0.066020032,0.484719051,0.138849504,0.059127526,0.654792809,0.368359552,0.444599758,0.119310324,0.488778684,-0.077888956,0.958326436,0.759580594,0.207063214,0.698183092,0.670593444,0.94468706,0.648302355,0.19780738,-0.041321466,0.437342544,0.239433009,0.68813892,0.824450122,0.577668529,0.840872163,0.760343038,0.734475794,0.737178126,0.79791279,0.804068709,0.835325231,0.845174503,0.945225724,0.060708539,-0.555059372,-0.423453194,-0.134657567,-0.156864827
0.475352815,0.696082507,0.447275247,0.854111501,0.544518128,0.568124199,0.46114179,0.817155476,0.779407985,0.508849174,0.048008026,0.616384519,0.697662277,0.703303902,0.707392317,0.648589961,0.94411639,0.928871465,1,0.637395072,0.581693128,0.742442562,0.295296279,0.699080534,0.366292988,0.839466628,0.649945141,0.622872986,0.891921298,0.860858095,0.957430183,0.641382907,0.874105981,0.032650563,0.450566852,0.191475477,0.624399074,0.665692828,0.629898534,0.947535905,0.892876249,0.119728128,0.185795541,0.720067582,0.422578532,-0.003742755,-0.119255637,-0.268590475,0.760719425,0.105051333,0.810409777,0.472580886,0.788882417,0.240344667,0.335024376,-0.217840123,0.733555286,0.114397375,0.845106659,0.029823838,0.903040136,-0.124914301,0.939869279,-0.039548386,-0.628221751,0.144423596,0.267004207,0.401702271,0.266087378,-0.228658603,0.743691696,0.452251117,0.143456635,-0.227314113,0.165694994,0.154587884,0.830614077,0.469495931,-0.03202061,0.791359753,0.822371476,0.88286258,0.589715448,-0.160834292,-0.337006718,0.514213227,-0.008589205,0.756544228,0.687123182,0.291194439,0.717920439,0.585119363,0.595156232,0.613550042,0.753052468,0.720266917,0.795317847,0.779386708,0.990673991,-0.260788537,-0.30336781,-0.179383059,-0.088741627,-0.103511908
0.978587999,0.823072538,0.903498403,0.709248687,0.922604612,0.853007979,0.896056197,0.838823815,0.855727569,0.81906668,-0.134635125,0.894392476,0.913774906,0.904850477,0.880176129,0.920377699,0.562553541,0.863333939,0.637395072,1,0.944037686,0.957122125,0.802742628,0.825693282,0.74538515,0.77735735,0.92443094,0.778100655,0.816494566,0.855136551,0.77411465,0.966781533,0.697029045,-0.208871671,0.072308835,0.518389474,0.94832722,0.828560483,0.769246353,0.763280888,0.555873673,0.567963679,0.495598049,0.540721117,0.7003275,0.008774921,0.228119078,-0.537128643,0.165632437,0.491983745,0.357979982,0.305690022,0.39908283,0.497669615,0.675045498,0.313587273,0.657870029,0.553847349,0.781053602,0.531251769,0.471878528,0.44402322,0.798045938,0.669559853,-0.207291862,-0.605153037,-0.387344467,0.640988348,-0.25204419,0.270457905,0.280384314,0.345496771,0.595925437,0.466364738,0.701972469,-0.366464188,0.954681191,0.968194552,0.371755269,0.330034798,0.263273849,0.784583196,0.414751423,0.530979874,0.230422102,0.245365109,0.3886548,0.444285533,0.929606929,0.872427655,0.901481219,0.935516164,0.888878134,0.876738216,0.817469163,0.866951694,0.812524827,0.855668159,0.702818756,0.35844551,-0.869688285,-0.740713431,-0.203445096,-0.232403273
0.935116714,0.728702823,0.742216539,0.512402147,0.767676016,0.643481762,0.738785085,0.650166928,0.672267993,0.960715475,0.164158531,0.705694871,0.745503739,0.750873008,0.701571858,0.756603999,0.564565508,0.838765048,0.581693128,0.944037686,1,0.974875433,0.881349898,0.922988153,0.892152091,0.846007273,0.97239965,0.918050915,0.722255119,0.702357489,0.77743119,0.82867716,0.6137405,0.024349178,0.2298793,0.696461405,0.864244133,0.930136037,0.815690742,0.69186885,0.589523978,0.725917929,0.652322951,0.669467024,0.812612653,0.256463907,0.485147048,-0.291575854,0.205625613,0.649889134,0.42202616,0.432200713,0.520727543,0.66903677,0.774180687,0.532294959,0.739801891,0.676261679,0.659982471,0.695819402,0.550113276,0.601159921,0.669719426,0.538578121,0.04208394,-0.457823779,-0.189120177,0.473679735,-0.046266009,0.458864527,0.353972567,0.053877843,0.772615251,0.568860876,0.819713833,-0.316619458,0.876127137,0.964405886,0.45834783,0.372739584,0.263489487,0.764947708,0.577184468,0.658640016,0.383317164,0.138704628,0.506690451,0.354651202,0.760142201,0.784661219,0.740878397,0.768294814,0.688107359,0.672473301,0.603299122,0.675499576,0.616125852,0.698846425,0.630748331,0.49382964,-0.748516299,-0.670745774,-0.068635936,-0.095514012
0.910459535,0.77806105,0.748887302,0.674439423,0.792377977,0.702669142,0.746420421,0.773869181,0.77607148,0.91470032,0.094761345,0.764888817,0.815351804,0.815798914,0.780179366,0.810875058,0.716435337,0.937407415,0.742442562,0.957122125,0.974875433,1,0.815512851,0.942385867,0.830509178,0.915852298,0.977121422,0.911935343,0.828385692,0.817920477,0.886354578,0.873290557,0.726286474,0.019825868,0.305876423,0.627315062,0.880005367,0.921433336,0.85282362,0.83274834,0.723599069,0.635599141,0.594946665,0.737500733,0.79018498,0.203593767,0.358226592,-0.326486791,0.370752401,0.57182913,0.561230002,0.488561204,0.626949552,0.61924128,0.740189798,0.376664786,0.808167397,0.601500788,0.792716632,0.586227932,0.678828197,0.470245004,0.808797539,0.470123301,-0.143293922,-0.369976851,-0.111666369,0.496220422,0.015795171,0.322963546,0.489067864,0.210607709,0.674211988,0.423376144,0.727331012,-0.262110297,0.949071969,0.92855582,0.393664323,0.52039091,0.439764454,0.875012966,0.626694582,0.507576133,0.238497859,0.287142826,0.434033711,0.519324689,0.830946925,0.753703022,0.82898626,0.810631394,0.751403683,0.740500281,0.719771882,0.765081883,0.745953934,0.790114879,0.780353123,0.350666648,-0.709749381,-0.597362647,-0.13040204,-0.156597326
0.873693788,0.355264061,0.577262662,0.340331158,0.562046779,0.433404269,0.542380517,0.435689115,0.403107325,0.891654967,0.014014041,0.495096668,0.509388369,0.475565057,0.435860597,0.52579039,0.405525633,0.60612222,0.295296279,0.802742628,0.881349898,0.815512851,1,0.85715849,0.9650549,0.722884328,0.910562703,0.859412621,0.365170168,0.416923696,0.500940337,0.684434486,0.198929132,0.272448424,0.356063182,0.904708645,0.603529461,0.678725102,0.878940197,0.524270601,0.484301167,0.943224219,0.893119564,0.655024562,0.945745104,0.532855516,0.734501649,-0.023972517,0.146277132,0.906140613,0.361534303,0.600248913,0.432878076,0.880577266,0.955298814,0.794324795,0.745945106,0.934829935,0.579235036,0.929298066,0.35140628,0.884923808,0.379572363,0.69671522,0.369297106,-0.549078765,-0.196373794,0.120395075,0.053365652,0.788624483,0.34004984,0.055867003,0.94385483,0.861284691,0.986473172,-0.690621745,0.646517613,0.91200138,0.816392851,0.339543389,0.185270979,0.667981285,0.636328149,0.891703851,0.751143324,0.297051425,0.842903996,0.379078189,0.591000119,0.86828466,0.645451889,0.614826688,0.53579209,0.482509724,0.379374268,0.423546892,0.460328262,0.381970833,0.315917814,0.825143689,-0.594489625,-0.44898026,-0.395088028,-0.415899766
0.790914847,0.545028466,0.504282932,0.550107185,0.552261595,0.444864443,0.492387617,0.596954128,0.559234753,0.948807455,0.242526997,0.525256552,0.593110234,0.584541919,0.544221127,0.579891589,0.778625572,0.880983933,0.699080534,0.825693282,0.922988153,0.942385867,0.85715849,1,0.920885093,0.971023004,0.973282218,0.989241544,0.658491249,0.63392797,0.848564781,0.695147662,0.549873863,0.352913955,0.583322695,0.807614833,0.671799596,0.870989942,0.940421017,0.80597502,0.822811728,0.779152481,0.78216586,0.903259995,0.915159423,0.510037014,0.582876883,0.006377544,0.537771734,0.747120409,0.719743786,0.730428591,0.793715091,0.814197222,0.864112241,0.540812672,0.93652928,0.746092116,0.750523571,0.725555991,0.774311966,0.607103178,0.670088111,0.334290886,0.064530666,-0.171172494,0.157065835,0.182781171,0.321614671,0.509987412,0.67586635,0.081482965,0.805690254,0.49811425,0.804460418,-0.322636677,0.815838553,0.839701844,0.564802993,0.680334467,0.569087451,0.898346705,0.842954839,0.571652258,0.401960566,0.397385706,0.616470981,0.594904318,0.638610781,0.655476583,0.696205753,0.599609981,0.531164646,0.504772076,0.508154941,0.5344126,0.595216609,0.564286576,0.696022451,0.479185307,-0.464339295,-0.338854301,-0.207456627,-0.227479309
0.790455138,0.342588936,0.440148092,0.270309081,0.447413679,0.297512584,0.415858047,0.353768117,0.324885749,0.956557597,0.256295718,0.374281754,0.415341063,0.398904304,0.345884129,0.42545196,0.496118184,0.646529273,0.366292988,0.74538515,0.892152091,0.830509178,0.9650549,0.920885093,1,0.805037641,0.920542323,0.944658991,0.380723442,0.373485179,0.582941161,0.579728934,0.244465981,0.418956476,0.496689355,0.944170994,0.551693945,0.768388785,0.887284396,0.541209668,0.580172186,0.95046325,0.916094583,0.774172847,0.963973411,0.648376417,0.812006845,0.127635255,0.273661962,0.915732694,0.485280516,0.68505923,0.589030884,0.925521745,0.947862812,0.818195517,0.817345746,0.913909749,0.532649678,0.929789489,0.503793347,0.861547185,0.372640732,0.488065793,0.413418123,-0.333270151,0.027502449,0.038245057,0.246562594,0.786857953,0.463487649,-0.112409092,0.969999526,0.782600701,0.963783584,-0.525969312,0.623888293,0.853564854,0.760204578,0.446306594,0.285587365,0.69465667,0.763691375,0.839497717,0.709705144,0.247517896,0.811590061,0.370205521,0.482029475,0.720919808,0.539438256,0.488564569,0.39572969,0.35049341,0.275681758,0.326953596,0.364709883,0.328324199,0.370165417,0.771705706,-0.46446282,-0.36168381,-0.242657848,-0.261256463
0.698333171,0.57200842,0.453366692,0.663066483,0.522905953,0.451306443,0.447180762,0.668857567,0.617794504,0.860121839,0.223078483,0.529961632,0.611178937,0.604347016,0.576389689,0.581980005,0.903619633,0.93934288,0.839466628,0.77735735,0.846007273,0.915852298,0.722884328,0.971023004,0.805037641,1,0.919045982,0.940892498,0.738939033,0.707905937,0.930881674,0.675086209,0.653496009,0.347643729,0.645529886,0.686502963,0.64322886,0.838210672,0.91342976,0.901670038,0.926268009,0.631382513,0.668737194,0.93838212,0.830960375,0.438862285,0.427406221,-0.005308377,0.695329767,0.612043993,0.839346184,0.748804723,0.885318298,0.712564994,0.763738862,0.347077357,0.957618689,0.60703465,0.822926316,0.560248967,0.893474802,0.420896287,0.7732854,0.189376531,-0.125098381,-0.019712987,0.27466233,0.190362983,0.401111974,0.32818664,0.792062121,0.188812242,0.654958876,0.291582387,0.648441998,-0.191961465,0.83864089,0.738409566,0.434443868,0.805450123,0.72997771,0.956923901,0.862453948,0.363905294,0.207505841,0.496131849,0.481835814,0.712346808,0.647901972,0.543728013,0.715654781,0.579030591,0.532160427,0.515790805,0.574248066,0.575674047,0.667158947,0.61838525,0.823234842,0.280195703,-0.37307163,-0.235497093,-0.202409981,-0.220223865
0.90998636,0.63284648,0.675695361,0.600083021,0.706061685,0.602425608,0.660424892,0.683872501,0.662030808,0.946966224,0.088869358,0.67115986,0.717608994,0.703649772,0.666812442,0.714938057,0.688936814,0.877487241,0.649945141,0.92443094,0.97239965,0.977121422,0.910562703,0.973282218,0.920542323,0.919045982,1,0.95136519,0.696733636,0.705678283,0.81187698,0.821742321,0.568279387,0.174787863,0.410663348,0.773387502,0.787092166,0.869951193,0.926958498,0.790507688,0.724674551,0.780189071,0.750368267,0.792496889,0.900688479,0.37737168,0.522682773,-0.176970543,0.381098244,0.73161945,0.5816361,0.610996277,0.647292917,0.766562202,0.865840986,0.537332369,0.865451136,0.756553302,0.775687381,0.73564696,0.646312961,0.633534882,0.700944021,0.525571249,0.028416542,-0.387641193,-0.073074283,0.331436484,0.106064454,0.506128179,0.528296527,0.173091521,0.803621587,0.576296506,0.845469428,-0.419981634,0.877981151,0.939884197,0.576828876,0.547274789,0.437550391,0.873099246,0.714397191,0.642913414,0.426801754,0.35715218,0.615148346,0.545564387,0.762612011,0.800104414,0.795578759,0.746480795,0.680190627,0.652236379,0.617767227,0.65530265,0.679097619,0.660442896,0.672910723,0.524304712,-0.644282146,-0.505755062,-0.254249854,-0.27840744
0.754878325,0.500341676,0.43855465,0.425905606,0.483941847,0.353184499,0.430166354,0.487349682,0.462133894,0.974080629,0.360810746,0.43716081,0.507448413,0.507846409,0.456471433,0.500469139,0.712792673,0.822264281,0.622872986,0.778100655,0.918050915,0.911935343,0.859412621,0.989241544,0.944658991,0.940892498,0.95136519,1,0.591583885,0.541463025,0.800147997,0.616823072,0.492824998,0.401105455,0.581175412,0.840115533,0.627991271,0.886804118,0.902073264,0.718501204,0.767412348,0.811788851,0.803198678,0.889495,0.91257824,0.568823611,0.66501003,0.080609333,0.484332688,0.775051786,0.674347673,0.715036966,0.775608463,0.838365483,0.85966157,0.619602435,0.904540203,0.761238066,0.645872609,0.767196349,0.743065383,0.654251286,0.577645574,0.287241987,0.177733388,-0.135315914,0.193916813,0.135541828,0.351939664,0.57004969,0.633714734,-0.063997953,0.848660255,0.535428267,0.82653929,-0.285270459,0.749283342,0.817449465,0.566444837,0.625347421,0.499150081,0.828704308,0.843595419,0.619581982,0.454976157,0.292537137,0.630052137,0.491171871,0.546195645,0.603157549,0.594671455,0.51686292,0.433988212,0.408514719,0.396496733,0.438764667,0.477663515,0.482418251,0.619565787,0.525029438,-0.426066848,-0.337017609,-0.1158891,-0.134975833
0.683174047,0.944431501,0.75003471,0.823483343,0.823557064,0.818479775,0.774602036,0.900031166,0.934529419,0.57656294,-0.012136315,0.849763973,0.902133599,0.926118759,0.915665195,0.882053279,0.723716637,0.920597316,0.891921298,0.816494566,0.722255119,0.828385692,0.365170168,0.658491249,0.380723442,0.738939033,0.696733636,0.591583885,1,0.967845998,0.915680589,0.827517108,0.979568859,-0.33865371,0.057063924,0.100276898,0.887073387,0.788523089,0.522550378,0.844354984,0.652111667,0.095693162,0.068673771,0.486648586,0.343799532,-0.277104067,-0.199761985,-0.617871783,0.38720102,0.025516874,0.488239827,0.149258037,0.504439512,0.107801412,0.267227383,-0.195286262,0.54274738,0.065464131,0.762563523,0.031891694,0.676303521,-0.101006028,0.967080535,0.20962374,-0.643036968,-0.197494297,-0.13078373,0.758151956,-0.152574003,-0.262593869,0.389931686,0.402578775,0.147303541,-0.119468595,0.223987012,0.159569526,0.939601093,0.658410517,-0.137994844,0.453420184,0.480054136,0.762359843,0.315571518,-0.0270143,-0.339772523,0.208253669,-0.113645489,0.485864082,0.85468493,0.468496933,0.794043393,0.807736821,0.798232923,0.829089497,0.881151046,0.907254413,0.837191704,0.963666077,0.944987932,-0.220247311,-0.662731277,-0.595904245,0.08655973,0.062617477
0.742864535,0.901117709,0.82943318,0.920404672,0.885757154,0.907052759,0.838614275,0.980235729,0.988978405,0.520412995,-0.25037955,0.929489431,0.962561469,0.961808474,0.968246859,0.94125503,0.707569602,0.903668424,0.860858095,0.855136551,0.702357489,0.817920477,0.416923696,0.63392797,0.373485179,0.707905937,0.705678283,0.541463025,0.967845998,1,0.860881386,0.910194336,0.910792347,-0.37815046,0.034251771,0.115834242,0.889235314,0.683750455,0.576095247,0.876608801,0.638707874,0.127209297,0.108645423,0.45179067,0.380359255,-0.303113749,-0.234189157,-0.680017632,0.366539691,0.069089957,0.464206023,0.173730071,0.437736627,0.128704099,0.327824256,-0.200738199,0.549302936,0.1335458,0.857598595,0.062335158,0.594702582,-0.053558403,0.982411914,0.382446397,-0.674886276,-0.346079961,-0.259622709,0.748528406,-0.234580779,-0.225052351,0.374307571,0.59788894,0.150975716,-0.038655787,0.265234484,-0.038752835,0.956872197,0.698567019,-0.020823069,0.45103199,0.480602406,0.793933693,0.282620313,0.019638473,-0.270811602,0.359605314,-0.022052001,0.587705272,0.944150935,0.603911215,0.908428838,0.900247263,0.908261543,0.925310593,0.969346494,0.972528609,0.944343245,0.983104824,0.914481265,-0.14822672,-0.718614901,-0.585001399,-0.138223712,-0.162636735
0.641887489,0.770490375,0.541209349,0.771827269,0.62969342,0.595055402,0.555647692,0.793070447,0.779130892,0.728070008,0.188556757,0.656651972,0.739470011,0.754148807,0.734174913,0.706113019,0.910478571,0.983809994,0.957430183,0.77411465,0.77743119,0.886354578,0.500940337,0.848564781,0.582941161,0.930881674,0.81187698,0.800147997,0.915680589,0.860881386,1,0.719318304,0.879121161,0.067753905,0.442006839,0.38268711,0.746459151,0.848952419,0.733347159,0.932274725,0.8814468,0.330294113,0.354995504,0.789954038,0.584611397,0.111376786,0.098967136,-0.256689401,0.660160282,0.291246765,0.770781554,0.506602796,0.803924708,0.409259796,0.496761563,0.02598405,0.806013484,0.296151145,0.820148851,0.252585112,0.900995001,0.09779169,0.918527099,0.078030947,-0.434998682,0.022909959,0.20219603,0.44580325,0.234205546,-0.021305025,0.696314307,0.27861294,0.373406049,-0.006386327,0.388674275,0.080456456,0.904863934,0.656397143,0.096242428,0.731979902,0.715833115,0.911291247,0.663175536,0.085803436,-0.141366516,0.384639467,0.14026736,0.65585497,0.727475676,0.425904679,0.738634286,0.651037658,0.624702249,0.637513479,0.723975588,0.730767399,0.75681383,0.800452337,0.964110947,-0.050188731,-0.4435082,-0.3479929,-0.011169341,-0.030748661
